mat.txt
46
73
77
89
96
101
110
111
113
114
115
116
133
144
177
227
229
271
277
311
312
326
327
329
349
365
372
373
376
382
384
406
407
410
417
429
455
457
461
467
488
494
581
599
615
624
629
630
636
699
740
755
768
769
774
776
777
796
798
857
858
859
862
886
887
895
901
904
907
909
914
915
919
927
931
933
937
946
972
976
981
984
989
990
997
998
1001
1003
1005
1007
1008
1009
1011
1012
1013
1014
1015
1016
1017
1018
1019
1021
1031
1041
1045
1051
1061
1071
1073
1081
1088
1091
1095
1096
1098
1101
1107
1111
1112
1113
1114
1115
1116
1117
1118
1119
1120
1121
1122
1127
1130
1131
1139
1142
1153
1159
1164
1172
1179
1193
1214
1215
1229
1245
1252
1255
1256
1257
1264
1265
1274
1276
1290
1292
1302
1348
1358
1360
1363
1365
1366
1371
1372
1373
1375
1394
1409
1412
1413
1429
1452
1467
1468
1469
1471
1475
1476
1484
1487
1491
1497
1503
1511
1516
1534
1537
1556
1561
1564
1566
1572
1580
1583
1584
1587
1594
1596
1600
1610
1612
1616
1622
1643
1654
1663
1667
1669
1677
1678
1693
1701
1711
1712
1715
1719
1720
1725
1735
1738
1744
1750
1754
1757
1767
1774
1777
1781
1796
1797
1805
1812
1825
1826
1827
1828
1832
1839
1840
1862
1864
1868
1874
1875
1878
1885
1904
1922
1925
1928
1929
1934
1935
1936
1938
1952
1953
1961
1979
1980
1982
1985
1987
1988
1989
1995
2000
2002
2013
2015
2021
2022
2023
2025
2040
2041
2042
2043
2044
2045
2046
2047
2050
2078
2080
2085
2087
2098
2102
2109
2112
2114
2116
2117
2119
2123
2125
2127
2128
2135
2136
2140
2142
2146
2147
2151
2152
2153
2169
2182
2215
2229
2238
2239
2240
2246
2247
2250
2260
2268
2279
2291
2296
2297
2298
2323
2324
2325
2330
2334
2338
2339
2349
2353
2354
2358
2360
2362
2363
2364
2373
2376
2381
2383
2384
2389
2404
2415
2422
2442
2443
2450
2459
2460
2473
2486
2487
2491
2502
2506
2512
2516
2537
2539
2543
2544
2552
2557
2558
2563
2565
2571
2576
2579
2596
2597
2598
2604
2613
2616
2618
2620
2621
2626
2627
2628
2630
2633
2637
2638
2647
2648
2682
2687
2689
2692
2694
2697
2701
2703
2704
2707
2712
2721
2722
2723
2724
2725
2726
2728
2732
2733
2736
2737
2738
2742
2747
2782
2785
2788
2799
2805
2817
2822
2823
2826
2830
2835
2848
2852
2854
2856
2859
2863
2864
2866
2868
2869
2874
2875
2881
2886
2889
2896
2898
2900
2903
2906
2917
2919
2920
2921
2922
2926
2928
2959
2965
2968
2974
2977
2983
2984
2987
2992
3000
3015
3016
3017
3019
3020
3021
3027
3030
3035
3049
3052
3067
3069
3070
3071
3073
3089
3090
3091
3100
3108
3117
3118
3151
3158
3159
3167
3183
3191
3195
3200
3209
3210
3216
3224
3225
3237
3239
3244
3248
3255
3256
3258
3263
3265
3271
3272
3273
3279
3283
3288
3294
3296
3297
3303
3308
3311
3323
3333
3334
3335
3336
3337
3338
3345
3358
3361
3362
3363
3364
3365
3366
3376
3380
3381
3382
3384
3388
3413
3425
3427
3431
3432
3434
3438
3471
3472
3486
3487
3491
3496
3498
3518
3519
3520
3521
3522
3559
3562
3577
3581
3603
3606
3622
3625
3626
3628
3633
3636
3642
3645
3647
3653
3656
3659
3664
3665
3666
3669
3670
3678
3679
3681
3693
3695
3697
3701
3707
3713
3715
3720
3722
3730
3734
3735
3746
3750
3751
3758
3759
3760
3771
3774
3776
3792
3796
3803
3804
3807
3808
3816
3822
3829
3830
3831
3833
3843
3845
3846
3849
3857
3870
3877
3878
3879
3880
3881
3883
3884
3886
3887
3888
3889
3890
3895
3897
3901
3904
3905
3914
3915
3916
3919
3920
3924
3925
3926
3928
3929
3932
3934
3940
3942
3943
3944
3945
3946
3947
3949
3950
3951
3954
3957
3959
3963
3966
3968
3970
3976
3979
3988
3989
3992
4001
4003
4004
4006
4007
4008
4009
4010
4012
4013
4014
4015
4016
4020
4024
4034
4038
4045
4049
4054
4055
4075
4076
4079
4080
4084
4087
4090
4091
4092
4093
4094
4106
4109
4111
4117
4123
4128
4131
4143
4144
4147
4148
4151
4152
4154
4163
4164
4169
4175
4178
4184
4198
4199
4200
4204
4209
4217
4225
4226
4239
4268
4273
4284
4286
4288
4298
4301
4304
4315
4326
4327
4330
4342
4343
4344
4345
4346
4354
4355
4357
4358
4361
4364
4367
4373
4374
4375
4377
4379
4381
4387
4392
4397
4398
4399
4400
4401
4403
4404
4405
4408
4409
4412
4413
4414
4416
4420
4422
4424
4428
4440
4443
4450
4452
4470
4482
4490
4495
4497
4498
4502
4503
4508
4509
4511
4512
4513
4514
4516
4518
4519
4520
4521
4524
4529
4532
4533
4536
4537
4539
4544
4545
4547
4551
4552
4554
4555
4556
4557
4559
4561
4564
4567
4569
4570
4581
4584
4586
4587
4592
4595
4598
4604
4607
4608
4620
4623
4624
4625
4627
4629
4637
4638
4639
4642
4643
4645
4650
4655
4664
4668
4684
4695
4702
4707
4709
4711
4728
4732
4733
4736
4742
4744
4749
4759
4780
4793
4795
4796
4798
4828
4839
4840
4842
4843
4844
4845
4846
4854
4855
4858
4859
4862
4867
4869
4873
4884
4887
4891
4894
4895
4900
4902
4906
4907
4908
4910
4912
4914
4917
4918
4923
4924
4925
4926
4927
4928
4929
4933
4937
4940
4942
4946
4947
4948
4949
4951
4954
4964
4965
4966
4967
4968
4969
4971
4972
4973
4983
